Delivered all 0orders
Used 18/50 vans
Percent of vans used: 36%
Vans used and their orders:
Van id: 38 its orders: 196 64 79 86 269 418 116 158 75 192 84 27 81 384 198 
Van id: 26 its orders: 3 55 337 76 265 80 353 350 179 377 301 382 180 258 379 
Van id: 27 its orders: 264 408 318 417 203 245 59 35 224 281 421 100 391 253 13 447 
Van id: 28 its orders: 61 376 433 177 390 366 216 441 189 6 303 228 369 300 270 445 
Van id: 29 its orders: 368 212 425 56 200 400 232 163 373 375 288 181 277 237 159 414 
Van id: 30 its orders: 123 33 36 48 131 170 310 419 223 349 130 298 109 317 210 
Van id: 31 its orders: 119 65 341 410 446 215 285 72 378 309 243 195 267 214 186 256 359 
Van id: 32 its orders: 405 364 340 66 355 367 118 430 169 161 5 23 171 42 275 148 
Van id: 33 its orders: 152 10 332 182 11 206 422 26 43 279 184 142 99 106 108 323 127 357 431 
Van id: 34 its orders: 29 122 12 126 293 83 314 413 40 190 372 327 292 291 162 7 230 365 320 252 
Van id: 35 its orders: 227 424 244 211 319 175 30 60 156 133 386 205 77 362 338 409 354 331 450 
Van id: 36 its orders: 135 147 121 115 345 343 398 249 183 286 322 8 137 32 380 2 199 202 443 176 273 302 
Van id: 37 its orders: 242 120 411 436 385 178 272 95 53 110 307 276 129 105 90 150 155 356 449 312 429 78 236 
Van id: 25 its orders: 297 333 407 371 208 104 58 70 4 370 238 73 16 102 282 188 284 89 266 326 71 
Van id: 39 its orders: 217 111 351 346 250 191 347 406 296 289 173 74 168 57 432 235 339 87 136 240 426 448 399 402 383 248 94 128 
Van id: 40 its orders: 442 85 246 274 103 229 261 67 401 38 254 342 15 348 363 204 381 304 283 187 423 437 374 221 263 251 404 17 91 
Van id: 41 its orders: 112 241 388 352 394 50 197 412 259 124 20 18 52 174 39 255 9 226 225 207 1 321 324 313 336 132 315 311 233 416 139 330 271 440 
Van id: 42 its orders: 24 165 439 218 387 361 231 194 193 88 98 222 21 213 25 305 299 37 316 393 154 144 28 219 396 435 260 140 344 107 167 22 54 68 141 117 427 34 134 149 397 392 262 