Maximum profit is: 224267
Impossible to deliver all orders: 98 orders left
Used 16/50 vans
Vans used and their orders:
Van id: 50 its orders: 444 434 409 390 388 384 383 375 319 318 306 285 274 272 252 245 236 222 220 214 208 205 202 196 156 155 143 132 99 97 92 87 79 75 58 50 38 
Van id: 48 its orders: 431 413 412 411 387 357 356 352 345 324 307 305 284 247 175 146 112 104 85 82 53 47 43 29 24 
Van id: 3 its orders: 429 348 347 342 293 286 280 260 259 184 173 152 123 119 105 94 93 83 80 70 52 49 46 31 25 22 21 20 13 9 7 
Van id: 39 its orders: 427 417 391 386 365 295 287 279 256 192 137 130 111 98 78 77 71 56 55 10 5 
Van id: 34 its orders: 425 410 405 395 371 354 334 311 271 238 210 207 187 164 118 109 72 67 62 60 48 36 19 2 
Van id: 22 its orders: 442 433 424 418 376 372 343 333 310 299 273 269 264 254 246 231 178 172 161 28 17 
Van id: 27 its orders: 438 419 392 289 283 258 250 244 240 225 223 212 199 136 113 88 23 15 3 
Van id: 30 its orders: 446 441 436 415 394 361 291 266 257 255 253 233 221 215 158 148 144 139 124 
Van id: 7 its orders: 445 379 374 367 353 350 327 325 313 303 262 216 213 188 142 108 106 101 74 27 4 
Van id: 45 its orders: 398 393 370 363 329 263 261 242 138 133 116 96 84 66 39 34 12 
Van id: 18 its orders: 430 426 380 366 362 349 346 331 237 211 198 183 169 128 121 73 14 
Van id: 1 its orders: 397 378 373 344 338 298 265 243 234 227 218 191 182 174 171 151 145 125 117 90 69 26 
Van id: 19 its orders: 448 439 422 406 400 336 328 317 281 278 248 228 185 95 86 57 51 45 41 8 
Van id: 11 its orders: 449 351 276 275 217 206 186 167 157 149 134 131 129 103 65 61 59 32 18 6 
Van id: 13 its orders: 443 416 407 404 360 340 337 320 290 288 241 235 200 197 189 150 141 11 
Van id: 24 its orders: 